永遠に変化がないパターンを固定物体といいます。全部名前がついています。左上からブロック、タブ、小船、船、バージ、へび、航空機運搬車、蜂の巣、長い船、長いへび、ローフ、イーター、長い船、長いバージ、長いへび、カヌー、マンゴー、シレラー、尾つきタブ、池と呼ばれています。
6 13
7 5
7 6
7 12
7 14
8 5
8 6
8 13
27 23
27 24
28 22
28 24
29 23
45 14
46 6
46 7
46 13
46 15
46 46
46 47
46 53
46 54
47 5
47 7
47 12
47 14
47 34
47 36
47 37
47 44
47 47
47 52
47 55
48 5
48 6
48 13
48 34
48 35
48 37
48 44
48 45
48 53
48 54
65 62
65 63
66 53
66 54
66 62
66 64
67 37
67 38
67 52
67 55
67 64
68 24
68 25
68 34
68 36
68 38
68 52
68 54
68 64
68 65
69 23
69 25
69 34
69 35
69 53
70 22
70 24
71 23
81 73
82 62
82 63
82 72
82 74
82 84
82 85
83 15
83 36
83 37
83 46
83 47
83 62
83 64
83 73
83 75
83 83
83 86
84 7
84 8
84 14
84 16
84 35
84 37
84 47
84 54
84 55
84 64
84 75
84 83
84 86
85 6
85 8
85 13
85 15
85 32
85 34
85 46
85 53
85 56
85 63
85 75
85 76
85 84
85 85
86 5
86 7
86 12
86 14
86 32
86 33
86 43
86 45
86 52
86 55
86 63
86 64
87 5
87 6
87 13
87 43
87 44
87 53
87 54
