イーターは近くにある物体を食い、自分自身はもとの形を保つという性質があります。イーターは好き嫌いが多く、食べられる物体は限られます。上に5つほどあげました。左上はイーターがグライダーを食います。真ん中はイーター同士が共食いします。
16 26
17 25
18 25
18 26
18 27
24 19
24 20
25 20
26 17
26 18
26 19
27 17
33 66
33 67
33 68
35 64
35 65
36 65
37 62
37 63
37 64
38 62
39 46
40 44
40 45
40 46
41 43
42 43
42 44
44 41
44 42
45 42
46 39
46 40
46 41
47 39
62 23
62 24
62 25
63 23
63 24
63 25
65 21
65 22
66 22
66 61
67 19
67 20
67 21
67 60
67 62
68 19
68 60
68 63
69 61
69 62
71 59
71 60
72 60
73 57
73 58
73 59
74 57
