ただのピクセル列がどのように進化するか見てみます。左上から1,2,3,4,5,6,7,8,9,10,11,12,13,16,17,20のピクセル列です。1つ長くなっただけでぜんぜん違う進化を見せます。
10 11
10 20
10 21
10 33
10 34
10 35
10 47
10 48
10 49
10 50
10 64
10 65
10 66
10 67
10 68
34 8
34 9
34 10
34 11
34 12
34 13
34 26
34 27
34 28
34 29
34 30
34 31
34 32
34 50
34 51
34 52
34 53
34 54
34 55
34 56
34 57
34 75
34 76
34 77
34 78
34 79
34 80
34 81
34 82
34 83
61 9
61 10
61 11
61 12
61 13
61 14
61 15
61 16
61 17
61 18
61 32
61 33
61 34
61 35
61 36
61 37
61 38
61 39
61 40
61 41
61 42
61 53
61 54
61 55
61 56
61 57
61 58
61 59
61 60
61 61
61 62
61 63
61 64
61 75
61 76
61 77
61 78
61 79
61 80
61 81
61 82
61 83
61 84
61 85
61 86
61 87
85 7
85 8
85 9
85 10
85 11
85 12
85 13
85 14
85 15
85 16
85 17
85 18
85 19
85 20
85 21
85 22
85 23
85 37
85 38
85 39
85 40
85 41
85 42
85 43
85 44
85 45
85 46
85 47
85 48
85 49
85 50
85 51
85 52
85 53
85 64
85 65
85 66
85 67
85 68
85 69
85 70
85 71
85 72
85 73
85 74
85 75
85 76
85 77
85 78
85 79
85 80
85 81
85 82
85 83
