初期配置に設定した場合しか絶対に現れないパターンがエデンの園です。このパターンはライフゲームの途中に現れないことが数学的に証明されています（こんなでっかいパターンじゃ普通現れないと思うけど）。苦労して入力したわりには経過もあまり面白くないです。エデンの園というよりバベルの塔ですね。
32 43
32 44
32 46
32 48
32 49
32 50
32 51
33 43
33 45
33 46
33 47
33 49
33 51
34 43
34 44
34 46
34 48
34 49
34 50
34 51
35 43
35 45
35 46
35 47
35 49
35 51
36 43
36 44
36 46
36 48
36 49
36 50
36 51
37 43
37 45
37 46
37 47
37 49
37 51
38 43
38 44
38 46
38 48
38 49
38 50
38 51
39 43
39 45
39 46
39 47
39 49
39 51
40 43
40 44
40 46
40 48
40 49
40 50
40 51
41 43
41 45
41 46
41 47
41 49
41 51
42 43
42 44
42 46
42 48
42 49
42 50
42 51
43 43
43 45
43 46
43 47
43 49
43 51
44 43
44 44
44 46
44 48
44 49
44 50
44 51
45 43
45 45
45 46
45 47
45 48
45 50
45 51
46 43
46 44
46 45
46 47
46 49
46 50
47 43
47 45
47 46
47 47
47 48
47 50
47 51
48 43
48 44
48 46
48 48
48 49
48 51
49 43
49 45
49 46
49 47
49 48
49 50
49 51
50 43
50 44
50 45
50 46
50 48
50 49
50 50
50 51
51 43
51 44
51 45
51 47
51 48
51 49
51 51
52 43
52 45
52 46
52 47
52 49
52 50
52 51
53 43
53 44
53 46
53 47
53 48
53 50
53 51
54 43
54 44
54 45
54 46
54 48
54 49
54 50
54 51
55 43
55 44
55 45
55 47
55 48
55 49
55 51
56 43
56 45
56 46
56 47
56 49
56 50
56 51
57 43
57 44
57 46
57 47
57 48
57 50
57 51
58 43
58 44
58 45
58 46
58 48
58 49
58 50
58 51
59 43
59 44
59 45
59 47
59 48
59 49
59 51
60 43
60 45
60 46
60 47
60 49
60 50
60 51
61 43
61 44
61 46
61 48
61 50
61 51
62 43
62 45
62 46
62 47
62 48
62 49
62 51
63 43
63 44
63 46
63 48
63 49
63 50
63 51
64 43
64 44
64 45
64 46
64 47
64 48
64 50
64 51
