艦隊の真ん中にある超重量級宇宙船は単独では存在できません。護衛を2機つけることで前に進めるようになります。一番上の単独の超重量級宇宙船と比較してみてください。
21 43
21 44
22 42
22 52
23 53
24 42
24 53
25 43
25 44
25 45
25 46
25 47
25 48
25 49
25 50
25 51
25 52
25 53
42 46
42 47
42 48
42 49
43 45
43 46
43 47
43 48
43 49
43 50
44 45
44 46
44 47
44 48
44 50
44 51
45 49
45 50
47 43
47 44
48 41
48 52
49 53
50 41
50 53
51 42
51 43
51 44
51 45
51 46
51 47
51 48
51 49
51 50
51 51
51 52
51 53
54 46
54 47
54 48
54 49
55 45
55 46
55 47
55 48
55 49
55 50
56 45
56 46
56 47
56 48
56 50
56 51
57 49
57 50
