ãêëÂÇ»äÕë‡Ç≈Ç∑ÅBÇ±ÇÒÇ»Ç‡ÇÃíNÇ™çÏÇ¡ÇΩÇÒÇ≈ÇµÇÂÇ§ÇÀÅB
24 48
24 52
25 53
26 48
26 53
27 49
27 50
27 51
27 52
27 53
31 46
31 47
31 48
31 49
31 50
31 51
31 52
31 53
31 54
31 55
32 45
32 55
33 55
34 45
34 54
35 43
35 44
36 41
36 56
37 57
38 41
38 57
39 42
39 43
39 44
39 45
39 46
39 47
39 48
39 49
39 50
39 51
39 52
39 53
39 54
39 55
39 56
39 57
43 38
43 39
43 40
43 41
43 42
43 43
43 44
43 45
43 46
43 47
43 48
43 49
43 50
43 51
43 52
43 53
43 54
43 55
43 56
43 57
43 58
43 59
44 37
44 59
45 59
46 37
46 58
47 35
47 36
48 33
48 60
49 61
50 33
50 61
51 34
51 35
51 36
51 37
51 38
51 39
51 40
51 41
51 42
51 43
51 44
51 45
51 46
51 47
51 48
51 49
51 50
51 51
51 52
51 53
51 54
51 55
51 56
51 57
51 58
51 59
51 60
51 61
55 38
55 39
55 40
55 41
55 42
55 43
55 44
55 45
55 46
55 47
55 48
55 49
55 50
55 51
55 52
55 53
55 54
55 55
55 56
55 57
55 58
55 59
56 37
56 59
57 59
58 37
58 58
59 39
59 40
60 41
60 56
61 57
62 41
62 57
63 42
63 43
63 44
63 45
63 46
63 47
63 48
63 49
63 50
63 51
63 52
63 53
63 54
63 55
63 56
63 57
67 46
67 47
67 48
67 49
67 50
67 51
67 52
67 53
67 54
67 55
68 45
68 55
69 55
70 45
70 54
71 47
71 48
72 49
72 52
73 53
74 49
74 53
75 50
75 51
75 52
75 53
