ç∂éŒÇﬂè„ï˚å¸Ç…âåÇéTÇ´éUÇÁÇµÇ»Ç™ÇÁêiÇ›Ç‹Ç∑ÅB96ê¢ë„Ç≤Ç∆Ç…å≥ÇÃépÇåªÇ∑ÇÃÇ≈96,192ê¢ë„ñ⁄Ç…íçñ⁄ÇµÇƒÇ≠ÇæÇ≥Ç¢ÅB
51 51
52 50
52 52
54 50
54 53
55 52
55 53
56 53
57 67
57 68
58 67
58 68
61 50
61 51
62 52
63 51
63 52
64 50
64 51
64 52
64 68
65 50
65 51
65 68
65 69
65 75
65 76
66 49
66 50
66 51
66 53
66 68
66 69
66 75
66 76
67 50
67 54
67 65
67 66
68 52
68 55
68 66
69 52
69 53
69 54
69 67
70 53
70 54
76 82
76 83
77 55
77 56
77 67
77 82
77 84
78 55
78 56
78 66
78 69
78 83
79 69
80 66
80 67
80 70
81 69
81 70
82 69
82 71
82 72
82 79
82 80
82 81
83 69
83 70
83 71
83 73
83 74
84 69
84 73
85 70
85 71
86 72
88 69
88 70
88 71
89 63
89 64
89 69
89 70
89 72
90 63
90 64
90 74
91 71
91 72
91 73
91 74
91 75
92 72
92 76
92 80
92 81
93 74
93 75
93 80
93 81
94 74
